0.3	0.303561	7208
0.303561	0.307122	7106
0.307122	0.310683	7096
0.310683	0.314244	7052
0.314244	0.317805	6789
0.317805	0.321365	6725
0.321365	0.324926	6597
0.324926	0.328487	6579
0.328487	0.332048	6547
0.332048	0.335609	6433
0.335609	0.33917	6404
0.33917	0.342731	6340
0.342731	0.346292	6297
0.346292	0.349853	6159
0.349853	0.353414	6025
0.353414	0.356975	6107
0.356975	0.360535	5998
0.360535	0.364096	5896
0.364096	0.367657	5871
0.367657	0.371218	5934
0.371218	0.374779	5794
0.374779	0.37834	5712
0.37834	0.381901	5739
0.381901	0.385462	5643
0.385462	0.389023	5644
0.389023	0.392584	5514
0.392584	0.396144	5528
0.396144	0.399705	5380
0.399705	0.403266	5344
0.403266	0.406827	5245
0.406827	0.410388	5246
0.410388	0.413949	5258
0.413949	0.41751	5140
0.41751	0.421071	5111
0.421071	0.424632	5065
0.424632	0.428193	5031
0.428193	0.431754	5092
0.431754	0.435314	4905
0.435314	0.438875	4953
0.438875	0.442436	4965
0.442436	0.445997	4933
0.445997	0.449558	4940
0.449558	0.453119	4822
0.453119	0.45668	4699
0.45668	0.460241	4754
0.460241	0.463802	4806
0.463802	0.467363	4618
0.467363	0.470924	4659
0.470924	0.474484	4650
0.474484	0.478045	4564
0.478045	0.481606	4616
0.481606	0.485167	4537
0.485167	0.488728	4412
0.488728	0.492289	4471
0.492289	0.49585	4420
0.49585	0.499411	4367
0.499411	0.502972	4327
0.502972	0.506533	4280
0.506533	0.510093	4264
0.510093	0.513654	4175
0.513654	0.517215	4149
0.517215	0.520776	4140
0.520776	0.524337	4000
0.524337	0.527898	4220
0.527898	0.531459	4157
0.531459	0.53502	4095
0.53502	0.538581	4168
0.538581	0.542142	3752
0.542142	0.545703	3979
0.545703	0.549263	3890
0.549263	0.552824	4148
0.552824	0.556385	3932
0.556385	0.559946	3754
0.559946	0.563507	3888
0.563507	0.567068	3859
0.567068	0.570629	3746
0.570629	0.57419	3750
0.57419	0.577751	3763
0.577751	0.581312	3804
0.581312	0.584873	3709
0.584873	0.588433	3674
0.588433	0.591994	3640
0.591994	0.595555	3739
0.595555	0.599116	3536
0.599116	0.602677	3683
0.602677	0.606238	3539
0.606238	0.609799	3486
0.609799	0.61336	3505
0.61336	0.616921	3449
0.616921	0.620482	3477
0.620482	0.624042	3513
0.624042	0.627603	3513
0.627603	0.631164	3442
0.631164	0.634725	3413
0.634725	0.638286	3515
0.638286	0.641847	3435
0.641847	0.645408	3483
0.645408	0.648969	3407
0.648969	0.65253	3318
0.65253	0.656091	3305
0.656091	0.659652	3157
0.659652	0.663212	3212
0.663212	0.666773	3299
0.666773	0.670334	3296
0.670334	0.673895	3233
0.673895	0.677456	3326
0.677456	0.681017	3169
0.681017	0.684578	3163
0.684578	0.688139	3140
0.688139	0.6917	3178
0.6917	0.695261	3149
0.695261	0.698822	3007
0.698822	0.702382	3071
0.702382	0.705943	3043
0.705943	0.709504	2994
0.709504	0.713065	2998
0.713065	0.716626	2953
0.716626	0.720187	3014
0.720187	0.723748	3100
0.723748	0.727309	2971
0.727309	0.73087	3030
0.73087	0.734431	3013
0.734431	0.737992	2825
0.737992	0.741552	2910
0.741552	0.745113	2973
0.745113	0.748674	2826
0.748674	0.752235	2824
0.752235	0.755796	2907
0.755796	0.759357	2773
0.759357	0.762918	2794
0.762918	0.766479	2822
0.766479	0.77004	2903
0.77004	0.773601	2827
0.773601	0.777161	2759
0.777161	0.780722	2720
0.780722	0.784283	2808
0.784283	0.787844	2704
0.787844	0.791405	2804
0.791405	0.794966	2735
0.794966	0.798527	2764
0.798527	0.802088	2680
0.802088	0.805649	2746
0.805649	0.80921	2736
0.80921	0.812771	2627
0.812771	0.816331	2637
0.816331	0.819892	2643
0.819892	0.823453	2533
0.823453	0.827014	2668
0.827014	0.830575	2581
0.830575	0.834136	2587
0.834136	0.837697	2468
0.837697	0.841258	2530
0.841258	0.844819	2465
0.844819	0.84838	2581
0.84838	0.851941	2573
0.851941	0.855501	2570
0.855501	0.859062	2615
0.859062	0.862623	2486
0.862623	0.866184	2512
0.866184	0.869745	2443
0.869745	0.873306	2552
0.873306	0.876867	2392
0.876867	0.880428	2537
0.880428	0.883989	2447
0.883989	0.88755	2404
0.88755	0.89111	2350
0.89111	0.894671	2510
0.894671	0.898232	2464
0.898232	0.901793	2381
0.901793	0.905354	2373
0.905354	0.908915	2500
0.908915	0.912476	2427
0.912476	0.916037	2363
0.916037	0.919598	2314
0.919598	0.923159	2273
0.923159	0.92672	2285
0.92672	0.93028	2314
0.93028	0.933841	2328
0.933841	0.937402	2341
0.937402	0.940963	2231
0.940963	0.944524	2326
0.944524	0.948085	2230
0.948085	0.951646	2244
0.951646	0.955207	2244
0.955207	0.958768	2381
0.958768	0.962329	2310
0.962329	0.96589	2198
0.96589	0.96945	2178
0.96945	0.973011	2191
0.973011	0.976572	2195
0.976572	0.980133	2216
0.980133	0.983694	2165
0.983694	0.987255	2225
0.987255	0.990816	2201
0.990816	0.994377	2202
0.994377	0.997938	2105
0.997938	1.0015	2136
1.0015	1.00506	2177
1.00506	1.00862	2201
1.00862	1.01218	2084
1.01218	1.01574	2196
1.01574	1.0193	2110
1.0193	1.02286	2115
1.02286	1.02642	2134
1.02642	1.02999	2119
1.02999	1.03355	2067
1.03355	1.03711	2086
1.03711	1.04067	2036
1.04067	1.04423	2006
1.04423	1.04779	2080
1.04779	1.05135	2061
1.05135	1.05491	1949
1.05491	1.05847	2097
1.05847	1.06203	2098
1.06203	1.06559	2064
1.06559	1.06916	2053
1.06916	1.07272	1997
1.07272	1.07628	2088
1.07628	1.07984	1989
1.07984	1.0834	1995
1.0834	1.08696	2010
1.08696	1.09052	1929
1.09052	1.09408	2010
1.09408	1.09764	1926
1.09764	1.1012	1965
1.1012	1.10476	1964
1.10476	1.10833	1923
1.10833	1.11189	2029
1.11189	1.11545	1904
1.11545	1.11901	1966
1.11901	1.12257	1911
1.12257	1.12613	1878
1.12613	1.12969	1896
1.12969	1.13325	1912
1.13325	1.13681	1947
1.13681	1.14037	1914
1.14037	1.14393	1833
1.14393	1.1475	1948
1.1475	1.15106	1916
1.15106	1.15462	1878
1.15462	1.15818	1827
1.15818	1.16174	1884
1.16174	1.1653	1886
1.1653	1.16886	1825
1.16886	1.17242	1915
1.17242	1.17598	1797
1.17598	1.17954	1872
1.17954	1.1831	1810
1.1831	1.18667	1835
1.18667	1.19023	1789
1.19023	1.19379	1821
1.19379	1.19735	1737
1.19735	1.20091	1766
1.20091	1.20447	1799
1.20447	1.20803	1801
1.20803	1.21159	1729
1.21159	1.21515	1763
1.21515	1.21871	1798
1.21871	1.22227	1772
1.22227	1.22584	1804
1.22584	1.2294	1816
1.2294	1.23296	1760
1.23296	1.23652	1700
1.23652	1.24008	1824
1.24008	1.24364	1775
1.24364	1.2472	1719
1.2472	1.25076	1729
1.25076	1.25432	1717
1.25432	1.25788	1796
1.25788	1.26144	1785
1.26144	1.26501	1720
1.26501	1.26857	1611
1.26857	1.27213	1690
1.27213	1.27569	1692
1.27569	1.27925	1673
1.27925	1.28281	1684
1.28281	1.28637	1670
1.28637	1.28993	1704
1.28993	1.29349	1640
1.29349	1.29705	1675
1.29705	1.30061	1610
1.30061	1.30418	1624
1.30418	1.30774	1670
1.30774	1.3113	1633
1.3113	1.31486	1609
1.31486	1.31842	1663
1.31842	1.32198	1629
1.32198	1.32554	1674
1.32554	1.3291	1625
1.3291	1.33266	1560
1.33266	1.33622	1722
1.33622	1.33978	1602
1.33978	1.34335	1632
1.34335	1.34691	1634
1.34691	1.35047	1624
1.35047	1.35403	1581
1.35403	1.35759	1580
1.35759	1.36115	1545
1.36115	1.36471	1507
1.36471	1.36827	1579
1.36827	1.37183	1547
1.37183	1.37539	1562
1.37539	1.37895	1591
1.37895	1.38252	1624
1.38252	1.38608	1640
1.38608	1.38964	1560
1.38964	1.3932	1479
1.3932	1.39676	1555
1.39676	1.40032	1482
1.40032	1.40388	1549
1.40388	1.40744	1619
1.40744	1.411	1566
1.411	1.41456	1504
1.41456	1.41812	1548
1.41812	1.42169	1562
1.42169	1.42525	1569
1.42525	1.42881	1453
1.42881	1.43237	1521
1.43237	1.43593	1472
1.43593	1.43949	1547
1.43949	1.44305	1456
1.44305	1.44661	1498
1.44661	1.45017	1470
1.45017	1.45373	1461
1.45373	1.45729	1511
1.45729	1.46086	1496
1.46086	1.46442	1444
1.46442	1.46798	1449
1.46798	1.47154	1406
1.47154	1.4751	1509
1.4751	1.47866	1408
1.47866	1.48222	1445
1.48222	1.48578	1486
1.48578	1.48934	1451
1.48934	1.4929	1396
1.4929	1.49646	1448
1.49646	1.50003	1482
1.50003	1.50359	1452
1.50359	1.50715	1385
1.50715	1.51071	1377
1.51071	1.51427	1463
1.51427	1.51783	1482
1.51783	1.52139	1519
1.52139	1.52495	1437
1.52495	1.52851	1421
1.52851	1.53207	1433
1.53207	1.53563	1356
1.53563	1.5392	1383
1.5392	1.54276	1379
1.54276	1.54632	1366
1.54632	1.54988	1380
1.54988	1.55344	1421
1.55344	1.557	1437
